Frame u v idNr ID Vertex
0 97.53 407.68 0 8 0
0 302.9 368.76 0 8 1
0 429.14 386.4 0 8 2
0 218.62 433.96 0 8 3
0 642.51 345.7 0 5 3
0 564.93 339.72 0 5 0
0 655.11 332.71 0 5 1
0 723.75 339.58 0 5 2
2 285.51 419.86 8 8 0
2 160.17 401.23 8 8 1
2 343.45 365.71 8 8 2
2 453.97 380.8 8 8 3
4 311.86 415.18 16 8 0
4 178.02 398.68 16 8 1
4 350.25 364.01 16 8 2
4 466.72 378.67 16 8 3
5 322.9 412.21 20 8 3
5 200.54 395.28 20 8 0
5 360.02 362.31 20 8 1
5 466.29 376.12 20 8 2
6 474.79 377.4 24 8 3
6 330.55 408.38 24 8 0
6 212.87 395.28 24 8 1
6 373.2 370.81 24 8 2
7 386.37 364.44 27 8 1
7 481.59 374.85 27 8 2
7 334.8 408.81 27 8 3
7 217.97 389.76 27 8 0
8 243.04 389.76 31 8 0
8 399.54 364.44 31 8 1
8 493.91 374.0 31 8 2
8 363.7 402.86 31 8 3
9 254.51 387.63 35 8 0
9 406.77 361.89 35 8 1
9 502.41 372.73 35 8 2
9 351.8 403.71 35 8 3
10 271.51 386.36 39 8 0
10 411.44 360.19 39 8 1
10 503.68 371.03 39 8 2
10 364.12 400.73 39 8 3
11 287.65 384.66 43 8 0
11 423.76 359.76 43 8 1
11 516.43 369.33 43 8 2
11 384.52 396.49 43 8 3
12 314.42 378.71 47 8 0
12 443.73 355.94 47 8 1
12 527.48 366.78 47 8 2
12 416.81 390.54 47 8 3
14 328.87 375.73 55 8 0
14 456.48 356.79 55 8 1
14 543.2 363.8 55 8 2
14 434.66 388.41 55 8 3
15 337.8 375.73 59 8 0
15 455.21 358.06 59 8 1
15 544.9 365.08 59 8 2
15 445.28 385.86 59 8 3
16 343.6 373.66 63 8 0
16 465.15 355.16 63 8 1
16 555.68 364.25 63 8 2
16 452.74 385.45 63 8 3
18 362.24 369.93 71 8 0
18 481.73 352.26 71 8 1
18 567.69 361.76 71 8 2
18 466.83 380.89 71 8 3
19 377.57 369.1 76 8 0
19 492.91 350.19 76 8 1
19 575.98 359.28 76 8 2
19 481.33 378.82 76 8 3
20 388.76 367.86 80 8 0
20 502.03 350.6 80 8 1
20 581.37 358.03 80 8 2
20 489.21 376.75 80 8 3
21 395.81 366.2 84 8 0
21 509.49 349.78 84 8 1
21 584.68 357.2 84 8 2
21 497.49 375.5 84 8 3
22 406.17 365.79 88 8 0
22 511.15 348.53 88 8 1
22 585.93 357.2 88 8 2
22 499.98 374.26 88 8 3
24 424.4 362.06 96 8 0
24 528.55 344.39 96 8 1
24 601.26 354.72 96 8 2
24 518.21 371.77 96 8 3
25 432.27 362.47 100 8 0
25 535.59 346.46 100 8 1
25 607.06 355.55 100 8 2
25 527.33 369.7 100 8 3
27 438.49 361.64 108 8 0
27 539.74 346.88 108 8 1
27 611.62 354.72 108 8 2
27 533.54 368.87 108 8 3
28 456.3 359.16 112 8 0
28 557.56 344.39 112 8 1
28 629.43 352.23 112 8 2
28 549.29 367.63 112 8 3
29 461.28 358.33 116 8 0
29 562.53 343.56 116 8 1
29 634.41 351.4 116 8 2
29 554.26 366.39 116 8 3
30 466.25 359.57 120 8 0
30 565.84 344.39 120 8 1
30 641.45 350.99 120 8 2
30 560.48 365.97 120 8 3
31 472.88 357.92 124 8 0
31 577.45 343.56 124 8 1
31 648.08 350.57 124 8 2
31 561.72 365.56 124 8 3
32 479.92 356.26 127 8 0
32 576.2 343.15 127 8 1
32 649.32 350.57 127 8 2
32 563.38 364.73 127 8 3
34 497.33 352.94 135 8 0
34 594.43 340.25 135 8 1
34 667.14 347.26 135 8 2
34 575.81 360.59 135 8 3
36 506.44 352.94 143 8 0
36 605.62 339.0 143 8 1
36 673.77 346.02 143 8 2
36 589.07 360.59 143 8 3
37 510.59 352.11 147 8 0
37 606.04 341.9 147 8 1
37 679.16 346.84 147 8 2
37 591.97 359.76 147 8 3
38 520.12 351.7 151 8 0
38 611.01 339.83 151 8 1
38 681.23 346.43 151 8 2
38 596.11 360.59 151 8 3
39 525.09 349.63 155 8 0
39 613.08 336.93 155 8 1
39 684.54 345.6 155 8 2
39 604.4 356.86 155 8 3
40 46.97 439.48 2000 20 0
40 288.9 387.14 2000 20 1
40 435.95 398.1 2000 20 2
40 217.17 467.97 2000 20 3
41 46.97 435.25 2004 20 0
41 294.39 382.49 2004 20 1
41 432.15 396.42 2004 20 2
41 228.57 464.17 2004 20 3
42 50.77 440.32 2012 20 0
42 291.01 385.87 2012 20 1
42 431.73 398.1 2012 20 2
42 226.46 465.44 2012 20 3
43 71.57 437.07 2016 20 0
43 312.25 384.65 2016 20 1
43 438.23 395.68 2016 20 2
43 249.29 459.6 2016 20 3
44 73.19 437.51 2024 20 0
44 314.63 385.9 2024 20 1
44 438.86 396.06 2024 20 2
44 250.05 457.57 2024 20 3
45 78.33 435.35 2027 20 0
45 314.49 386.32 2027 20 1
45 439.75 395.23 2027 20 2
45 264.27 453.77 2027 20 3
46 89.57 434.21 2031 20 0
46 308.45 386.39 2031 20 1
46 443.09 395.27 2031 20 2
46 275.24 450.67 2031 20 3
47 89.84 431.82 2035 20 0
47 306.37 385.31 2035 20 1
47 446.6 392.89 2035 20 2
47 282.97 446.88 2035 20 3
48 97.56 428.6 2039 20 0
48 320.08 382.86 2039 20 1
48 450.56 391.17 2039 20 2
48 286.55 447.9 2039 20 3
49 107.27 427.76 2043 20 0
49 320.92 383.28 2043 20 1
49 453.09 389.9 2043 20 2
49 300.06 443.26 2043 20 3
50 112.76 425.23 2051 20 0
50 323.46 383.28 2051 20 1
50 452.25 391.17 2051 20 2
50 300.9 442.84 2051 20 3
51 126.7 421.0 2055 20 0
51 334.01 380.75 2055 20 1
51 454.78 386.94 2055 20 2
51 310.58 436.89 2055 20 3
53 131.03 421.87 2063 20 0
53 334.01 380.75 2063 20 1
53 456.08 387.81 2063 20 2
53 311.01 437.33 2063 20 3
54 138.52 422.7 2067 20 0
54 343.3 378.23 2067 20 1
54 459.43 387.38 2067 20 2
54 311.88 437.39 2067 20 3
55 153.72 416.36 2071 20 0
55 348.79 376.53 2071 20 1
55 465.76 384.41 2071 20 2
55 330.38 431.44 2071 20 3
56 162.17 414.25 2076 20 0
56 342.46 378.64 2076 20 1
56 467.45 385.68 2076 20 2
56 332.57 430.17 2076 20 3
58 166.98 412.14 2084 20 0
58 349.6 377.78 2084 20 1
58 468.33 385.67 2084 20 2
58 337.56 428.48 2084 20 3
60 173.05 412.14 2092 20 0
60 348.3 378.22 2092 20 1
60 470.93 383.93 2092 20 2
60 340.59 427.61 2092 20 3
61 190.39 406.5 2096 20 0
61 362.61 375.61 2096 20 1
61 479.17 381.33 2096 20 2
61 354.03 422.85 2096 20 3
62 195.59 406.5 2100 20 0
62 365.21 374.31 2100 20 1
62 483.5 380.03 2100 20 2
62 358.8 422.85 2100 20 3
63 199.93 405.2 2104 20 0
63 371.71 371.71 2104 20 1
63 483.5 379.6 2104 20 2
63 363.13 419.38 2104 20 3
64 204.26 405.2 2108 20 0
64 365.21 372.58 2108 20 1
64 483.5 380.03 2108 20 2
64 366.17 421.11 2108 20 3
65 208.16 404.33 2112 20 0
65 373.45 372.58 2112 20 1
65 486.54 379.16 2112 20 2
65 370.5 418.94 2112 20 3
66 212.93 403.47 2116 20 0
66 375.18 372.58 2116 20 1
66 486.54 379.16 2116 20 2
66 370.5 418.94 2116 20 3
67 225.07 402.17 2120 20 0
67 374.31 369.54 2120 20 1
67 491.74 377.0 2120 20 2
67 375.27 416.34 2120 20 3
68 227.67 402.17 2124 20 0
68 375.61 369.54 2124 20 1
68 491.74 375.26 2124 20 2
68 382.21 414.18 2124 20 3
69 235.48 400.0 2127 20 0
69 388.62 369.54 2127 20 1
69 496.07 376.13 2127 20 2
69 390.01 412.01 2127 20 3
70 240.68 398.7 2131 20 0
70 391.65 367.81 2131 20 1
70 499.54 373.96 2131 20 2
70 394.78 411.14 2131 20 3
71 249.35 396.1 2135 20 0
71 394.69 368.24 2135 20 1
71 502.58 374.83 2135 20 2
71 396.52 409.41 2135 20 3
72 254.12 396.1 2139 20 0
72 404.23 367.81 2139 20 1
72 503.88 373.09 2139 20 2
72 399.98 408.11 2139 20 3
73 257.15 397.4 2147 20 0
73 407.7 367.81 2147 20 1
73 506.91 373.96 2147 20 2
73 396.95 407.67 2147 20 3
74 272.33 393.93 2151 20 0
74 399.89 367.81 2151 20 1
74 512.11 371.79 2151 20 2
74 412.99 402.9 2151 20 3
76 277.96 392.63 2159 20 0
76 408.13 365.21 2159 20 1
76 515.58 370.49 2159 20 2
76 416.89 401.17 2159 20 3
77 281.86 389.59 2163 20 0
77 412.03 362.17 2163 20 1
77 517.32 368.76 2163 20 2
77 426.0 399.44 2163 20 3
78 288.8 389.16 2167 20 0
78 412.03 362.17 2167 20 1
78 519.05 368.76 2167 20 2
78 426.0 399.44 2167 20 3
79 293.57 388.29 2171 20 0
79 419.4 361.74 2171 20 1
79 522.95 369.19 2171 20 2
79 429.03 398.57 2171 20 3
80 299.64 387.43 2176 20 0
80 426.77 360.01 2176 20 1
80 527.29 368.32 2176 20 2
80 429.03 399.44 2176 20 3
81 302.67 386.12 2184 20 0
81 433.71 358.27 2184 20 1
81 531.62 366.16 2184 20 2
81 434.23 399.0 2184 20 3
82 307.01 384.82 2188 20 0
82 438.04 361.31 2188 20 1
82 531.62 365.72 2188 20 2
82 438.13 396.4 2188 20 3
83 316.55 381.36 2192 20 0
83 448.01 359.14 2192 20 1
83 541.16 364.42 2192 20 2
83 448.11 392.07 2192 20 3
84 320.88 380.06 2196 20 0
84 451.48 357.84 2196 20 1
84 543.76 363.99 2196 20 2
84 456.34 392.07 2196 20 3
85 324.35 380.06 2204 20 0
85 456.68 358.71 2204 20 1
85 544.63 363.56 2204 20 2
85 456.34 392.07 2204 20 3
86 327.82 379.19 2208 20 0
86 460.15 356.97 2208 20 1
86 547.66 363.99 2208 20 2
86 459.81 389.9 2208 20 3
87 336.49 376.59 2212 20 0
87 458.85 355.67 2212 20 1
87 552.86 362.69 2212 20 2
87 469.35 387.3 2212 20 3
88 345.16 377.02 2216 20 0
88 459.28 354.37 2216 20 1
88 557.63 361.39 2216 20 2
88 471.08 388.6 2216 20 3
89 348.19 377.02 2220 20 0
89 459.72 353.5 2220 20 1
89 558.93 360.95 2220 20 2
89 473.25 386.0 2220 20 3
90 353.83 376.15 2224 20 0
90 460.15 353.94 2224 20 1
90 563.27 359.65 2224 20 2
90 478.89 385.13 2224 20 3
91 361.63 374.85 2231 20 0
91 466.22 353.94 2231 20 1
91 564.57 360.09 2231 20 2
91 484.09 383.39 2231 20 3
92 367.27 373.55 2235 20 0
92 472.29 352.64 2235 20 1
92 570.21 358.79 2235 20 2
92 488.86 381.23 2235 20 3
93 369.0 372.25 2239 20 0
93 475.76 350.9 2239 20 1
93 575.41 357.49 2239 20 2
93 491.46 380.79 2239 20 3
94 374.64 370.95 2243 20 0
94 480.96 351.77 2243 20 1
94 581.04 357.05 2243 20 2
94 494.49 379.49 2243 20 3
95 377.24 370.52 2247 20 0
95 482.26 352.2 2247 20 1
95 581.48 357.49 2247 20 2
95 494.06 379.06 2247 20 3
96 382.01 370.52 2251 20 0
96 494.4 351.77 2251 20 1
96 581.91 357.05 2251 20 2
96 488.86 379.93 2251 20 3
97 388.94 368.78 2255 20 0
97 501.77 351.77 2255 20 1
97 586.68 357.05 2255 20 2
97 500.13 377.33 2255 20 3
98 393.28 368.78 2259 20 0
98 506.11 351.77 2259 20 1
98 591.02 356.19 2259 20 2
98 505.76 376.89 2259 20 3
99 393.71 368.78 2263 20 0
99 507.84 351.34 2263 20 1
99 594.05 354.89 2263 20 2
99 506.2 376.02 2263 20 3
100 400.65 367.48 2267 20 0
100 520.85 350.47 2267 20 1
100 594.05 354.89 2267 20 2
100 514.44 376.02 2267 20 3
101 402.82 365.32 2271 20 0
101 520.85 346.13 2271 20 1
101 597.52 354.02 2271 20 2
101 505.33 377.76 2271 20 3
102 407.15 364.01 2276 20 0
102 521.71 347.87 2276 20 1
102 599.69 353.15 2276 20 2
102 512.27 372.99 2276 20 3
103 412.35 364.01 2280 20 0
103 524.31 350.47 2280 20 1
103 605.76 354.89 2280 20 2
103 518.34 372.99 2280 20 3
104 419.29 363.15 2284 20 0
104 523.45 350.47 2284 20 1
104 607.06 355.32 2284 20 2
104 525.27 372.12 2284 20 3
106 421.89 364.88 2292 20 0
106 527.35 349.6 2292 20 1
106 610.52 355.32 2292 20 2
106 524.41 372.56 2292 20 3
107 433.6 360.55 2296 20 0
107 534.72 347.0 2296 20 1
107 621.8 352.72 2296 20 2
107 535.68 368.22 2296 20 3
108 438.8 360.55 2300 20 0
108 540.35 346.13 2300 20 1
108 625.26 351.85 2300 20 2
108 540.88 369.52 2300 20 3
109 442.27 360.55 2304 20 0
109 551.63 348.0 2304 20 1
109 627.0 351.85 2304 20 2
109 544.35 369.52 2304 20 3
110 449.2 360.11 2312 20 0
110 558.56 346.13 2312 20 1
110 633.93 351.42 2312 20 2
110 541.31 369.09 2312 20 3
111 458.74 357.95 2316 20 0
111 567.67 344.83 2316 20 1
111 643.47 349.68 2316 20 2
111 548.68 364.75 2316 20 3
112 462.64 358.38 2324 20 0
112 571.57 345.27 2324 20 1
112 645.64 349.68 2324 20 2
112 555.62 366.05 2324 20 3
113 466.55 357.08 2327 20 0
113 574.17 345.27 2327 20 1
113 646.07 349.25 2327 20 2
113 556.05 365.19 2327 20 3
114 473.05 355.78 2331 20 0
114 580.67 343.97 2331 20 1
114 652.58 348.82 2331 20 2
114 563.42 363.89 2331 20 3
115 480.85 354.48 2335 20 0
115 586.31 342.23 2335 20 1
115 659.08 347.52 2335 20 2
115 571.23 360.85 2335 20 3
116 484.32 354.48 2339 20 0
116 586.31 342.23 2339 20 1
116 659.95 348.38 2339 20 2
116 560.82 361.28 2339 20 3
117 488.66 354.48 2347 20 0
117 591.51 342.67 2347 20 1
117 662.28 347.38 2347 20 2
117 576.43 359.12 2347 20 3
118 500.36 352.74 2351 20 0
118 602.78 340.5 2351 20 1
118 675.29 346.08 2351 20 2
118 590.74 359.98 2351 20 3
119 505.13 351.88 2359 20 0
119 601.91 338.76 2359 20 1
119 677.02 345.65 2359 20 2
119 581.63 359.98 2359 20 3
120 508.6 350.14 2363 20 0
120 604.95 338.33 2363 20 1
120 680.49 345.22 2363 20 2
120 589.0 359.55 2363 20 3
121 517.27 349.27 2367 20 0
121 613.62 337.03 2367 20 1
121 686.13 344.78 2367 20 2
121 598.54 357.82 2367 20 3
122 519.87 348.84 2371 20 0
122 612.75 338.76 2371 20 1
122 690.89 344.78 2371 20 2
122 598.11 357.82 2371 20 3
123 530.27 350.14 2376 20 0
123 617.96 340.93 2376 20 1
123 700.86 344.78 2376 20 2
123 606.78 354.35 2376 20 3
124 533.74 348.84 2380 20 0
124 621.86 337.46 2380 20 1
124 702.6 343.48 2380 20 2
124 610.68 353.91 2380 20 3
125 537.64 348.84 2388 20 0
125 626.19 336.6 2388 20 1
125 706.07 343.05 2388 20 2
125 610.68 354.78 2388 20 3
126 547.61 346.67 2392 20 0
126 635.3 335.73 2392 20 1
126 716.47 343.05 2392 20 2
126 619.35 354.78 2392 20 3
127 554.12 346.67 2396 20 0
127 641.37 337.46 2396 20 1
127 719.94 343.05 2396 20 2
127 623.68 353.48 2396 20 3
128 556.29 346.24 2400 20 0
128 644.83 337.9 2400 20 1
128 723.41 342.61 2400 20 2
128 630.62 351.75 2400 20 3
129 558.45 346.24 2404 20 0
129 647.44 337.03 2404 20 1
129 724.71 342.18 2404 20 2
129 633.66 350.01 2404 20 3
130 562.35 346.24 2412 20 0
130 651.34 337.03 2412 20 1
130 728.61 342.18 2412 20 2
130 633.66 350.45 2412 20 3
130 562.35 346.24 2412 20 0
131 613.08 341.9 2451 20 0
131 774.13 339.15 2451 20 2
131 677.01 346.98 2451 20 3
132 620.01 341.04 2455 20 0
132 781.07 337.85 2455 20 2
132 688.71 345.24 2455 20 3
935 16.55 438.29 3739 24 0
935 388.08 400.14 3739 24 2
935 207.3 465.17 3739 24 3
936 50.79 428.32 3743 24 0
936 403.25 397.11 3743 24 2
936 238.51 453.9 3743 24 3
938 82.44 425.29 3751 24 0
938 408.45 394.94 3751 24 2
938 266.26 443.93 3751 24 3
939 108.89 420.95 3755 24 0
939 423.63 389.74 3755 24 2
939 284.9 436.13 3755 24 3
941 122.76 416.62 3763 24 0
941 424.93 389.31 3763 24 2
941 296.17 432.23 3763 24 3
942 134.9 413.58 3767 24 0
942 434.03 387.14 3767 24 2
942 306.58 428.76 3767 24 3
944 171.32 405.35 3775 24 0
944 449.21 382.8 3775 24 2
944 334.75 421.39 3775 24 3
945 194.29 401.45 3780 24 0
945 459.61 379.77 3780 24 2
945 352.96 415.75 3780 24 3
947 204.7 399.71 3788 24 0
947 462.64 378.47 3788 24 2
947 362.93 413.58 3788 24 3
948 235.48 394.51 3792 24 0
948 481.72 375.0 3792 24 2
948 378.54 407.51 3792 24 3
950 243.71 392.34 3800 24 0
950 489.09 374.13 3800 24 2
950 388.08 405.78 3800 24 3
951 253.68 391.04 3804 24 0
951 492.12 373.7 3804 24 2
951 389.38 404.48 3804 24 3
952 273.63 386.71 3808 24 0
952 502.53 371.1 3808 24 2
952 406.72 399.28 3808 24 3
954 287.07 385.84 3816 24 0
954 510.77 369.8 3816 24 2
954 419.29 396.68 3816 24 3
955 303.97 381.5 3820 24 0
955 520.3 366.76 3820 24 2
955 432.3 392.34 3820 24 3
956 312.64 379.77 3824 24 0
956 527.67 364.6 3824 24 2
956 437.5 390.61 3824 24 3
958 325.22 378.47 3831 24 0
958 538.51 363.29 3831 24 2
958 449.64 388.01 3831 24 3
960 342.99 374.13 3839 24 0
960 550.65 362.86 3839 24 2
960 457.44 384.97 3839 24 3
961 350.36 372.4 3843 24 0
961 554.12 361.56 3843 24 2
961 466.98 382.37 3843 24 3
962 372.04 371.1 3847 24 0
962 563.66 358.53 3847 24 2
962 480.42 379.77 3847 24 3
964 383.31 368.93 3855 24 0
964 572.76 356.79 3855 24 2
964 487.79 377.17 3855 24 3
965 393.28 367.2 3859 24 0
965 579.7 355.06 3859 24 2
965 501.23 375.43 3859 24 3
966 401.52 365.03 3863 24 0
966 586.2 353.32 3863 24 2
966 509.47 373.27 3863 24 3
968 416.69 362.43 3871 24 0
968 595.74 348.12 3871 24 2
968 519.44 371.1 3871 24 3
969 425.79 361.56 3875 24 0
969 604.84 352.89 3875 24 2
969 529.84 369.8 3875 24 3
970 433.6 360.69 3880 24 0
970 610.48 351.59 3880 24 2
970 535.48 368.5 3880 24 3
971 440.1 359.83 3884 24 0
971 613.08 350.72 3884 24 2
971 538.08 365.9 3884 24 3
972 444.87 358.53 3888 24 0
972 619.58 350.29 3888 24 2
972 544.58 366.76 3888 24 3
973 451.37 356.79 3892 24 0
973 626.52 348.99 3892 24 2
973 548.48 366.33 3892 24 3
974 465.25 356.79 3896 24 0
974 633.45 348.99 3896 24 2
974 554.12 362.43 3896 24 3
976 470.88 355.92 3904 24 0
976 636.49 348.55 3904 24 2
976 558.89 361.56 3904 24 3
977 475.65 355.06 3908 24 0
977 639.09 348.55 3908 24 2
977 561.05 361.56 3908 24 3
978 491.69 352.46 3912 24 0
978 657.73 346.39 3912 24 2
978 578.4 359.83 3912 24 3
980 500.36 351.16 3920 24 0
980 662.07 345.52 3920 24 2
980 587.07 358.96 3920 24 3
981 504.26 351.59 3924 24 0
981 663.8 345.52 3924 24 2
981 585.77 358.96 3924 24 3
982 512.93 347.25 3927 24 0
982 673.71 343.26 3927 24 2
982 589.22 352.2 3927 24 3
983 517.91 349.33 3931 24 0
983 676.61 342.84 3931 24 2
983 592.54 353.44 3931 24 3
984 527.44 348.08 3935 24 0
984 684.9 343.26 3935 24 2
984 603.72 353.44 3935 24 3
986 534.48 347.67 3943 24 0
986 689.87 343.26 3943 24 2
986 607.45 353.44 3943 24 3
987 539.87 348.08 3947 24 0
987 690.29 343.67 3947 24 2
987 614.08 352.61 3947 24 3
988 553.96 346.01 3951 24 0
988 704.38 341.18 3951 24 2
988 629.42 350.12 3951 24 3
989 560.59 347.25 3955 24 0
989 705.62 342.01 3955 24 2
989 627.76 350.12 3955 24 3
991 564.31 346.01 3963 24 0
991 711.42 342.01 3963 24 2
991 631.49 348.88 3963 24 3
992 566.8 346.01 3967 24 0
992 719.29 342.01 3967 24 2
992 633.97 348.88 3967 24 3
993 578.4 344.77 3971 24 0
993 725.1 340.36 3971 24 2
993 645.99 346.81 3971 24 3
996 31.03 450.85 3984 36 0
996 398.16 401.27 3984 36 2
996 210.91 471.95 3984 36 3
997 67.91 442.97 3988 36 0
997 411.84 397.54 3988 36 2
997 242.4 464.49 3988 36 3
998 115.56 428.47 3992 36 0
998 428.82 392.57 3992 36 2
998 282.18 449.16 3992 36 3
1000 132.55 426.4 4000 36 0
1000 437.11 388.84 4000 36 2
1000 290.47 443.36 4000 36 3
1001 144.56 421.01 4004 36 0
1001 319.94 377.44 4004 36 2
1001 442.91 387.59 4004 36 2
1001 302.48 437.97 4004 36 3
1002 170.25 412.31 4008 36 0
1002 453.69 383.86 4008 36 2
1002 327.34 429.68 4008 36 3
1003 184.76 411.07 4012 36 0
1003 458.24 383.04 4012 36 2
1003 335.22 427.2 4012 36 3
1004 197.19 409.41 4016 36 0
1004 465.7 380.55 4016 36 2
1004 340.19 424.3 4016 36 3
1005 209.62 406.09 4020 36 0
1005 469.02 380.14 4020 36 2
1005 352.62 420.98 4020 36 3
1006 228.51 399.88 4024 36 0
1006 481.03 375.16 4024 36 2
1006 372.1 415.18 4024 36 3
1008 248.98 395.73 4031 36 0
1008 493.05 374.75 4031 36 2
1008 386.18 411.04 4031 36 3
1009 270.12 395.32 4035 36 0
1009 502.58 371.43 4035 36 2
1009 399.03 405.23 4035 36 3
1010 279.65 392.01 4039 36 0
1010 505.48 371.02 4039 36 2
1010 403.59 403.16 4039 36 3
1011 288.35 390.35 4043 36 0
1011 513.36 369.78 4043 36 2
1011 412.29 401.5 4043 36 3
1012 297.46 389.11 4047 36 0
1012 517.91 368.53 4047 36 2
1012 418.92 399.43 4047 36 3
1013 304.51 385.38 4051 36 0
1013 522.89 366.05 4051 36 2
1013 425.96 396.12 4051 36 3
1014 322.74 383.3 4055 36 0
1014 534.9 364.8 4055 36 2
1014 440.05 391.97 4055 36 3
1015 331.03 382.06 4059 36 0
1015 536.56 363.98 4059 36 2
1015 446.68 390.73 4059 36 3
1016 338.07 378.33 4063 36 0
1016 542.36 361.9 4063 36 2
1016 457.04 387.83 4063 36 3
1018 352.99 376.26 4071 36 0
1018 552.72 360.66 4071 36 2
1018 468.64 384.93 4071 36 3
1019 367.08 374.6 4075 36 0
1019 562.66 359.0 4075 36 2
1019 480.24 382.44 4075 36 3
1020 374.54 372.53 4080 36 0
1020 565.57 359.0 4080 36 2
1020 487.7 380.37 4080 36 3
1021 380.75 371.29 4084 36 0
1021 568.88 356.93 4084 36 2
1021 490.19 379.13 4084 36 3
1022 388.62 369.63 4088 36 0
1022 575.1 355.27 4088 36 2
1022 501.79 376.23 4088 36 3
1023 392.77 368.8 4092 36 0
1023 580.07 355.27 4092 36 2
1023 505.93 375.4 4092 36 3
1028 438.74 362.98 4112 36 0
1028 612.36 351.38 4112 36 2
1028 531.56 370.03 4112 36 3
1029 444.13 360.91 4116 36 0
1029 615.26 350.55 4116 36 2
1029 537.36 366.71 4116 36 3
1030 447.86 360.91 4120 36 0
1030 617.33 350.55 4120 36 2
1030 542.33 365.88 4120 36 3
1031 454.49 358.43 4124 36 0
1031 623.14 349.31 4124 36 2
1031 548.55 365.06 4124 36 3
1033 464.43 355.94 4131 36 0
1033 632.67 348.48 4131 36 2
1033 559.32 363.4 4131 36 3
1034 476.45 357.18 4135 36 0
1034 644.27 347.24 4135 36 2
1034 566.78 361.74 4135 36 3
1036 480.59 353.87 4143 36 0
1036 646.75 346.82 4143 36 2
1036 565.95 360.08 4143 36 3
1037 485.98 353.04 4147 36 0
1037 649.65 345.99 4147 36 2
1037 570.1 359.25 4147 36 3
1038 496.75 352.21 4151 36 0
1038 660.01 345.17 4151 36 2
1038 580.87 358.43 4151 36 3
1039 500.9 351.38 4155 36 0
1039 661.67 344.75 4155 36 2
1039 587.5 358.43 4155 36 3
1040 506.7 350.55 4159 36 0
1040 666.23 344.75 4159 36 2
1040 592.06 355.94 4159 36 3
1041 515.4 347.24 4163 36 0
1041 674.1 343.09 4163 36 2
1041 600.76 354.28 4163 36 3
1042 520.37 347.24 4167 36 0
1042 679.07 343.09 4167 36 2
1042 599.1 353.04 4167 36 3
1043 525.76 347.65 4171 36 0
1043 684.46 343.51 4171 36 2
1043 605.73 353.45 4171 36 3
1044 534.46 345.99 4175 36 0
1044 690.68 342.68 4175 36 2
1044 616.51 352.62 4175 36 3
1046 539.43 348.48 4184 36 0
1046 695.23 342.27 4184 36 2
1046 615.68 351.38 4184 36 3
1047 544.41 347.65 4188 36 0
1047 699.38 341.44 4188 36 2
1047 623.55 350.97 4188 36 3
1048 553.52 344.75 4192 36 0
1048 709.74 341.02 4192 36 2
1048 633.49 350.55 4192 36 3
1049 557.67 343.51 4196 36 0
1049 712.22 341.02 4196 36 2
1049 637.64 350.14 4196 36 3
1051 566.37 343.09 4204 36 0
1051 720.1 340.19 4204 36 2
1051 642.61 349.31 4204 36 3
1052 571.75 344.34 4208 36 0
1052 723.83 338.95 4208 36 2
1052 645.93 347.24 4208 36 3
1053 109.32 441.71 4212 32 0
1053 323.96 383.7 4212 32 1
1053 438.33 398.62 4212 32 2
1053 269.27 461.19 4212 32 3
1054 124.65 433.01 4216 32 0
1054 439.99 396.96 4216 32 2
1054 288.33 457.46 4216 32 3
1055 139.16 428.45 4220 32 0
1055 446.62 393.65 4220 32 2
1055 297.86 451.66 4220 32 3
1057 161.12 424.31 4227 32 0
1057 458.63 390.75 4227 32 2
1057 313.19 446.69 4227 32 3
1058 195.51 421.41 4231 32 0
1058 469.41 387.43 4231 32 2
1058 341.37 433.43 4231 32 3
1060 202.56 413.54 4239 32 0
1060 473.96 385.36 4239 32 2
1060 357.53 429.7 4239 32 3
1062 212.5 409.81 4247 32 0
1062 478.52 383.29 4247 32 2
1062 365.4 426.8 4247 32 3
1063 232.39 405.66 4251 32 0
1063 488.05 379.97 4251 32 2
1063 378.66 421.82 4251 32 3
1064 246.48 403.18 4255 32 0
1064 498.0 378.31 4255 32 2
1064 390.26 417.68 4255 32 3
1065 257.67 400.69 4259 32 0
1065 503.8 375.41 4259 32 2
1065 402.28 413.54 4259 32 3
1067 271.34 397.79 4267 32 0
1067 510.43 375.0 4267 32 2
1067 404.77 408.98 4267 32 3
1068 295.79 392.4 4271 32 0
1068 522.03 371.27 4271 32 2
1068 425.9 403.59 4271 32 3
1070 299.52 389.5 4280 32 0
1070 525.76 370.03 4280 32 2
1070 436.26 401.1 4280 32 3
1071 305.73 387.43 4284 32 0
1071 527.83 370.86 4284 32 2
1071 442.47 399.86 4284 32 3
1072 320.23 385.77 4288 32 0
1072 534.46 368.37 4288 32 2
1072 446.62 397.79 4288 32 3
1074 331.42 382.46 4296 32 0
1074 542.75 366.71 4296 32 2
1074 455.32 396.13 4296 32 3
1075 343.02 380.39 4300 32 0
1075 547.31 365.88 4300 32 2
1075 460.7 393.23 4300 32 3
1077 345.51 382.87 4308 32 0
1077 551.04 365.06 4308 32 2
1077 466.51 392.4 4308 32 3
1078 359.19 377.07 4312 32 0
1078 563.88 363.81 4312 32 2
1078 480.18 387.85 4312 32 3
1079 366.23 379.56 4316 32 0
1079 563.88 362.57 4316 32 2
1079 478.11 387.43 4316 32 3
1081 368.72 378.73 4324 32 0
1081 567.2 361.33 4324 32 2
1081 485.98 386.19 4324 32 3
1082 375.35 377.9 4327 32 0
1082 570.51 359.67 4327 32 2
1082 488.88 385.36 4327 32 3
1083 382.8 375.41 4331 32 0
1083 573.83 359.25 4331 32 2
1083 494.27 382.46 4331 32 3
1084 387.36 374.17 4335 32 0
1084 575.9 358.01 4335 32 2
1084 500.07 381.63 4335 32 3
1085 393.16 372.93 4339 32 0
1085 580.04 358.01 4339 32 2
1085 505.46 380.39 4339 32 3
1087 396.06 372.93 4347 32 0
1087 582.11 357.18 4347 32 2
1087 507.11 380.8 4347 32 3
1092 423.41 368.37 4367 32 0
1092 601.59 355.11 4367 32 2
1092 528.66 375.41 4367 32 3
1093 425.9 367.54 4371 32 0
1093 602.0 354.7 4371 32 2
1093 529.07 373.76 4371 32 3
1094 429.63 367.54 4375 32 0
1094 602.42 355.52 4375 32 2
1094 531.15 372.93 4375 32 3
1095 435.01 367.96 4380 32 0
1095 608.22 354.28 4380 32 2
1095 533.22 372.93 4380 32 3
1097 435.01 365.06 4388 32 0
1097 607.8 353.45 4388 32 2
1097 532.8 372.51 4388 32 3
1098 443.3 362.98 4392 32 0
1098 616.09 352.62 4392 32 2
1098 544.82 370.03 4392 32 3
1100 446.62 361.74 4400 32 0
1100 618.16 351.38 4400 32 2
1100 548.96 368.78 4400 32 3
1101 448.69 362.15 4404 32 0
1101 620.23 350.97 4404 32 2
1101 548.96 369.61 4404 32 3
1102 454.49 362.98 4408 32 0
1102 624.79 350.97 4408 32 2
1102 553.52 369.61 4408 32 3
1103 457.8 360.5 4412 32 0
1103 626.86 349.72 4412 32 2
1103 548.96 368.37 4412 32 3
1104 461.53 363.4 4416 32 0
1104 627.69 350.55 4416 32 2
1104 549.79 367.54 4416 32 3
1105 462.78 361.33 4420 32 0
1105 628.11 350.55 4420 32 2
1105 551.86 367.54 4420 32 3
1106 466.09 361.33 4424 32 0
1106 631.84 351.38 4424 32 2
1106 558.08 366.71 4424 32 3
1107 469.41 361.33 4427 32 0
1107 631.84 351.38 4427 32 2
1107 558.49 365.47 4427 32 3
1108 470.65 361.33 4431 32 0
1108 632.25 350.55 4431 32 2
1108 557.25 366.71 4431 32 3
1109 471.48 358.84 4435 32 0
1109 635.98 349.31 4435 32 2
1109 561.4 365.88 4435 32 3
1110 476.86 359.67 4439 32 0
1110 637.64 349.31 4439 32 2
1110 560.57 365.06 4439 32 3
1111 479.77 358.84 4443 32 0
1111 642.2 348.07 4443 32 2
1111 566.78 365.06 4443 32 3
1112 480.59 358.01 4447 32 0
1112 643.02 348.48 4447 32 2
1112 568.02 363.81 4447 32 3
1113 481.84 357.18 4451 32 0
1113 644.27 347.65 4451 32 2
1113 571.34 363.81 4451 32 3
1114 484.32 356.77 4455 32 0
1114 644.68 347.65 4455 32 2
1114 574.65 363.81 4455 32 3
1115 485.15 359.25 4459 32 0
1115 645.93 347.24 4459 32 2
1115 574.24 362.98 4459 32 3
1116 488.05 358.43 4463 32 0
1116 647.17 347.65 4463 32 2
1116 567.61 364.23 4463 32 3
1117 490.54 358.43 4467 32 0
1117 648.0 347.65 4467 32 2
1117 570.1 363.4 4467 32 3
1363 12.36 444.2 5451 35 0
1363 376.17 404.01 5451 35 2
1363 175.21 471.96 5451 35 3
1364 23.14 442.96 5455 35 0
1364 373.27 404.42 5455 35 2
1364 191.78 464.92 5455 35 3
1365 26.45 440.88 5459 35 0
1365 376.59 404.01 5459 35 2
1365 193.02 464.92 5459 35 3
1366 29.35 440.06 5463 35 0
1366 377.42 404.01 5463 35 2
1366 193.85 464.92 5463 35 3
1368 38.88 435.91 5471 35 0
1368 383.63 401.52 5471 35 2
1368 200.07 462.43 5471 35 3
1369 51.73 433.43 5475 35 0
1369 387.36 399.86 5475 35 2
1369 214.57 460.77 5475 35 3
1373 79.07 425.55 5492 35 0
1373 401.86 395.72 5492 35 2
1373 237.36 449.59 5492 35 3
1374 92.75 425.14 5496 35 0
1374 401.86 395.72 5496 35 2
1374 244.82 447.93 5496 35 3
1375 96.06 422.24 5500 35 0
1375 410.15 392.82 5500 35 2
1375 253.52 444.2 5500 35 3
1377 103.11 421.82 5508 35 0
1377 410.98 393.23 5508 35 2
1377 257.25 443.37 5508 35 3
1378 118.85 417.68 5512 35 0
1378 420.93 391.57 5512 35 2
1378 280.04 437.15 5512 35 3
1379 128.38 416.85 5516 35 0
1379 419.27 389.92 5516 35 2
1379 290.81 431.77 5516 35 3
1380 133.36 414.36 5520 35 0
1380 422.58 390.33 5520 35 2
1380 295.37 431.35 5520 35 3
1381 142.47 412.71 5524 35 0
1381 425.9 388.67 5524 35 2
1381 295.37 431.35 5524 35 3
1382 147.44 415.19 5527 35 0
1382 430.46 389.09 5527 35 2
1382 300.35 430.11 5527 35 3
1383 151.17 413.95 5531 35 0
1383 435.01 387.85 5531 35 2
1383 304.9 428.87 5531 35 3
1384 162.36 411.46 5535 35 0
1384 436.26 387.02 5535 35 2
1384 303.66 427.62 5535 35 3
1385 164.85 411.88 5539 35 0
1385 439.16 385.77 5539 35 2
1385 313.19 426.8 5539 35 3
1386 170.23 411.88 5543 35 0
1386 440.81 385.36 5543 35 2
1386 316.09 424.31 5543 35 3
1387 186.4 406.49 5547 35 0
1387 448.27 382.87 5547 35 2
1387 327.28 421.82 5547 35 3
1388 192.61 404.83 5551 35 0
1388 449.52 381.63 5551 35 2
1388 331.01 420.99 5551 35 3
1389 196.75 402.76 5555 35 0
1389 452.83 382.04 5555 35 2
1389 333.49 419.75 5555 35 3
1390 202.97 404.42 5559 35 0
1390 460.29 379.56 5559 35 2
1390 342.2 418.09 5559 35 3
1391 216.23 400.69 5563 35 0
1391 468.16 378.31 5563 35 2
1391 351.73 413.95 5563 35 3
1392 222.86 400.28 5567 35 0
1392 468.16 377.49 5567 35 2
1392 359.19 412.29 5567 35 3
1393 231.15 396.96 5571 35 0
1393 475.21 375.0 5571 35 2
1393 368.72 410.22 5571 35 3
1394 237.36 394.89 5575 35 0
1394 473.55 376.24 5575 35 2
1394 374.1 407.32 5575 35 3
1395 244.82 394.89 5580 35 0
1395 476.45 375.0 5580 35 2
1395 381.15 405.25 5580 35 3
1397 255.18 393.65 5588 35 0
1397 484.74 374.17 5588 35 2
1397 389.02 403.59 5588 35 3
1398 276.31 389.09 5592 35 0
1398 496.34 370.86 5592 35 2
1398 403.94 398.62 5592 35 3
1399 281.7 388.26 5596 35 0
1399 500.48 370.44 5596 35 2
1399 409.32 397.79 5596 35 3
1400 286.67 387.43 5600 35 0
1400 501.73 371.27 5600 35 2
1400 414.3 395.72 5600 35 3
1402 294.54 384.53 5608 35 0
1402 505.04 370.44 5608 35 2
1402 420.1 395.72 5608 35 3
1403 300.35 384.12 5612 35 0
1403 508.77 369.2 5612 35 2
1403 424.65 393.23 5612 35 3
1404 316.92 380.8 5616 35 0
1404 519.96 364.23 5616 35 2
1404 435.01 390.75 5616 35 3
1405 323.14 381.22 5620 35 0
1405 522.86 362.98 5620 35 2
1405 439.16 389.92 5620 35 3
1406 326.86 379.97 5624 35 0
1406 526.59 362.57 5624 35 2
1406 442.89 388.67 5624 35 3
1408 340.54 377.07 5631 35 0
1408 533.63 362.15 5631 35 2
1408 452.83 385.77 5631 35 3
1409 354.21 373.76 5635 35 0
1409 543.58 360.5 5635 35 2
1409 463.6 382.87 5635 35 3
1410 360.01 372.51 5639 35 0
1410 545.65 360.08 5639 35 2
1410 468.16 381.63 5639 35 3
1411 363.33 371.69 5643 35 0
1411 548.55 359.67 5643 35 2
1411 471.48 381.22 5643 35 3
1412 366.23 369.2 5647 35 0
1412 552.28 358.43 5647 35 2
1412 467.33 380.8 5647 35 3