
0 381.0 391.1772786177104 0 8 2
2 406.0 386.9231068119006 8 8 2
7 444.0 378.60351305495334 27 8 2
8 457.0 377.25627270912344 31 8 2
9 464.0 375.9855561325163 35 8 2
10 471.55 374.0967707571799 39 8 2
11 483.0 372.9543861977439 43 8 2
12 497.0 370.8030282900016 47 8 2
14 507.0 366.3474759615384 55 8 2
15 514.0 366.3501626817844 59 8 2
16 521.0 366.0735394456291 63 8 2
18 530.0 364.049751384774 71 8 2
19 543.0 362.2011881584211 76 8 2
20 547.0 362.16421398276105 80 8 2
502 392.0 403.4180218932005 2008 20 2
503 393.0 402.33333333333303 2012 20 2
504 398.0 399.39371428571417 2016 20 2
506 399.0 400.64070870962814 2024 20 2
507 401.0 399.6220718864469 2027 20 2
508 404.0 399.69384651090814 2031 20 2
509 407.0 397.8805255579554 2035 20 2
510 408.0 397.6589729729732 2039 20 2
511 412.0 396.26455856311685 2043 20 2
512 412.0 395.87949034114285 2047 20 2
513 412.0 395.89374596157097 2051 20 2
514 417.0 393.0389296013569 2055 20 2
516 420.0 392.03861003861005 2063 20 2
517 421.0 392.6621508379886 2067 20 2
518 427.0 389.5469010590592 2071 20 2
519 428.0 389.8482859324299 2076 20 2
936 361.0 399.98942573613147 3743 24 2
938 374.0 396.9876052563328 3751 24 2
939 385.0 392.27964464237016 3755 24 2
941 391.0 391.43051326412933 3763 24 2
942 396.0 390.9326843081728 3767 24 2
944 415.0 383.52851935769877 3775 24 2
945 426.0 381.95670073317035 3780 24 2
947 431.0 381.79593558630063 3788 24 2
948 447.0 377.11055905044526 3792 24 2
950 453.0 376.1836152245746 3800 24 2
951 457.0 375.04228110880433 3804 24 2
952 468.0 372.7863279445728 3808 24 2
954 479.0 372.4993302990898 3816 24 2
955 489.0 368.0890976843226 3820 24 2
956 495.0 364.10048381094134 3824 24 2
958 505.0 364.9364841108858 3831 24 2
960 514.0 363.30782529188355 3839 24 2
961 519.0 362.85947414420986 3843 24 2
962 530.0 360.8092400178118 3847 24 2
964 539.0 359.5641698084752 3855 24 2
997 379.0 400.3920693729428 3988 36 2
998 398.0 393.84905660377376 3992 36 2
1000 405.0 392.82585209627314 4000 36 2
1001 412.0 390.73143418081884 4004 36 2
1002 423.0 388.5066320428075 4008 36 2
1003 428.0 385.1203651869669 4012 36 2
1004 435.0 383.2770491076376 4016 36 2
1005 439.0 382.5577848882902 4020 36 2
1006 451.0 377.38074516360166 4024 36 2
1008 461.0 377.03129650507327 4031 36 2
1009 473.0 373.5338194898626 4035 36 2
1010 477.0 373.4893608521968 4039 36 2
1011 482.0 371.7272517827756 4043 36 2
1012 487.0 371.2443675027263 4047 36 2